100 8.142612
200 0.82652986
300 19.76392
400 5.076164
500 11.829375
600 3.0947056
700 5.1740937
800 2.9505186
900 3.8310404
1000 7.1775475
1100 12.65948
1200 3.0024037
1300 9.506859
1400 4.1567435
1500 6.667984
1600 16.642694
1700 7.734026
1800 7.6241903
1900 7.8797708
2000 5.722558
2100 3.5265024
2200 12.447184
2300 4.8249493
2400 15.200253
2500 9.984072
2600 9.948114
2700 3.8850307
2800 3.209919
2900 8.085348
3000 7.1294594
3100 3.5651183
3200 3.0952783
3300 10.230906
3400 10.134012
3500 3.4199846
3600 3.5000043
3700 4.816592
3800 6.2657356
3900 20.857086
4000 0.005824429
4100 14.977056
4200 17.645504
4300 0
4400 5.26515
4500 7.5272627
4600 8.017234
4700 15.967638
4800 9.015977
4900 4.3702073
5000 10.2707815
5100 9.076556
5200 10.711219
5300 6.3024383
5400 15.071766
5500 5.5697308
5600 0.11947204
5700 10.932829
5800 12.04689
5900 14.524042
6000 12.640739
6100 5.3083787
6200 1.8907253
6300 7.1991305
6400 6.8400946
6500 7.802758
6600 6.4420567
6700 3.690792
6800 1.6044357
6900 6.02903
7000 7.73506
7100 17.89506
7200 7.213881
7300 0.4255653
7400 11.178233
7500 4.8079977
7600 7.035879
7700 3.117175
7800 16.695763
7900 16.283913
8000 0.019866455
8100 4.0156803
8200 0.5820598
8300 10.899151
8400 3.8172212
8500 5.357148
8600 14.019711
8700 11.232349
8800 9.846103
8900 4.195895
9000 0.12048434
9100 5.86758
9200 12.300876
9300 17.018795
9400 7.95581
9500 7.319113
9600 8.76299
9700 5.8274994
9800 5.8595796
9900 5.597839
10000 8.448383
10100 10.454323
10200 10.890344
10300 6.453147
10400 16.048801
10500 7.2534075
10600 19.608465
10700 4.510845
10800 8.455784
10900 10.084722
11000 4.3963313
11100 6.107156
11200 18.938055
11300 4.594194
11400 5.5410953
11500 3.686128
11600 8.214422
11700 14.058409
11800 9.23568
11900 18.401476
12000 4.070801
12100 5.6000524
12200 8.528946
12300 3.2799108
12400 1.8166022
12500 8.09619
12600 6.241089
12700 5.654019
12800 1.5211327
12900 16.01566
13000 13.325918
13100 15.356776
13200 13.471882
13300 10.887894
13400 3.8333828
13500 5.0445337
13600 2.8865416
13700 10.4736805
13800 3.9954622
13900 7.2401514
14000 8.0574045
14100 15.976284
14200 0
14300 6.029789
14400 0
14500 17.794523
14600 12.5942135
14700 17.54848
14800 4.972172
14900 7.0803156
15000 7.1943645
15100 4.1814084
15200 5.35751
15300 4.5904837
15400 9.473431
15500 6.581857
15600 5.6504526
15700 16.841797
15800 18.086145
15900 11.464147
16000 9.124078
16100 15.162646
16200 6.6303854
16300 7.9190645
16400 7.6881747
16500 7.655957
16600 10.764102
16700 8.232257
16800 7.9447412
16900 9.057239
17000 10.463237
17100 0
17200 1.5729299
17300 7.741788
17400 2.850197
17500 4.4618087
17600 11.612389
17700 7.0638075
17800 15.864442
17900 11.554915
18000 14.176173
18100 4.8900094
18200 16.540136
18300 6.227745
18400 4.684046
18500 14.976127
18600 9.922682
18700 7.6155386
18800 0.04436423
18900 8.973197
19000 9.408094
19100 5.058103
19200 3.7666934
19300 13.655533
19400 7.480624
19500 12.185991
19600 5.7881484
19700 14.678273
19800 11.926659
19900 1.9439926
20000 11.601084
20100 4.226201
20200 3.4007182
20300 3.2358947
20400 11.932566
20500 12.442591
20600 2.0678833
20700 6.9906673
20800 6.6385674
20900 6.7104144
21000 19.199451
21100 4.8233175
21200 8.048585
21300 4.7206097
21400 7.528244
21500 2.4769216
21600 9.261877
21700 12.21179
21800 5.669594
21900 10.9964075
22000 6.2103777
22100 4.414504
22200 1.7811742
22300 5.425537
22400 7.817164
22500 18.657093
22600 4.352401
22700 9.2861395
22800 5.2976184
22900 8.947108
23000 19.894392
23100 4.509358
23200 4.552851
23300 6.168213
23400 10.069252
23500 7.956693
23600 7.473762
23700 12.509462
23800 1.2992526
23900 5.873099
24000 3.8625088
24100 15.173631
24200 3.6398897
24300 7.695294
24400 0.12066159
24500 20.130463
24600 2.8770852
24700 1.6790178
24800 6.6929054
24900 3.810571
25000 8.427746
25100 0
25200 8.954775
25300 3.1171446
25400 9.8053055
25500 6.4047756
25600 17.31322
25700 20.641033
25800 22.802423
25900 10.357193
26000 6.4351544
26100 4.403016
26200 12.6958885
26300 9.306015
26400 2.4735193
26500 5.9992504
26600 1.8706644
26700 4.8047056
26800 2.2591877
26900 2.0867896
27000 6.098345
27100 5.5752473
27200 11.863445
27300 7.6547995
27400 11.427183
27500 8.104263
27600 6.728187
27700 8.230811
27800 16.408133
27900 5.5513935
28000 2.8840594
28100 1.7100041
28200 5.532525
28300 11.07974
28400 9.7072525
28500 12.969978
28600 7.6912327
28700 4.829753
28800 9.594534
28900 6.460884
29000 7.28435
29100 17.917585
29200 1.4287902
29300 3.2209833
29400 3.4840224
29500 2.5104244
29600 13.3902235
29700 4.716238
29800 4.4389515
29900 5.42621
30000 0.021758404
30100 13.285738
30200 11.770298
30300 7.2199707
30400 7.609218
30500 2.7226496
30600 14.146407
30700 6.2644615
30800 11.084269
30900 13.342756
31000 9.106733
31100 13.693315
31200 1.2432381
31300 3.8464494
31400 7.15889
31500 10.547546
31600 1.22841
31700 10.149469
31800 2.3476937
31900 11.882406
32000 5.1417084
32100 4.5294476
32200 4.230089
32300 10.479192
32400 4.8448706
32500 10.913429
32600 3.310906
32700 4.08235
32800 10.627138
32900 9.67819
33000 7.507151
33100 7.2886705
33200 15.64167
33300 13.317075
33400 5.7288737
33500 6.082511
33600 3.8990493
33700 0.010760146
33800 19.23762
33900 13.150476
34000 3.0944853
34100 4.37291
34200 2.9961472
34300 0.032227837
34400 3.6264272
34500 14.157938
34600 16.997868
34700 7.2175293
34800 7.4632287
34900 3.618158
35000 4.566588
35100 5.9044676
35200 4.8635273
35300 7.545669
35400 10.74948
35500 4.145364
35600 7.941677
35700 8.712908
35800 15.333772
35900 14.0910845
36000 12.310711
36100 4.5857644
36200 6.845804
36300 6.187497
36400 4.166474
36500 1.806185
36600 15.297271
36700 14.2712965
36800 8.075627
36900 14.423865
37000 4.076312
37100 7.0446343
37200 7.330918
37300 3.7709796
37400 5.20968
37500 7.412177
37600 3.643634
37700 19.80774
37800 8.457787
37900 7.1794744
38000 10.030339
38100 7.6354914
38200 0.052938316
38300 10.402583
38400 23.184984
38500 15.906373
38600 5.9146347
38700 5.8143725
38800 7.0307074
38900 0.030862242
39000 9.873971
39100 6.833205
39200 12.060293
39300 12.985645
39400 8.077331
39500 3.3133695
39600 2.2691438
39700 4.596016
39800 1.6286427
39900 12.744808
40000 19.17987
40100 5.099315
40200 21.45469
40300 4.343388
40400 8.8185625
40500 3.7913132
40600 11.102948
40700 5.1507955
40800 17.80675
40900 8.569285
41000 4.417506
41100 8.563596
41200 2.461887
41300 6.906715
41400 5.943399
41500 7.9366293
41600 16.286045
41700 5.885561
41800 7.965228
41900 3.4992247
42000 10.041231
42100 11.55895
42200 6.7907333
42300 4.9382696
42400 2.7057981
42500 8.181928
42600 14.67973
42700 13.58003
42800 11.596066
42900 8.611571
43000 14.914822
43100 10.50868
43200 5.6081667
43300 0.012075397
43400 12.927936
43500 5.491864
43600 17.159063
43700 1.5914888
43800 3.9005494
43900 11.431323
44000 12.921339
44100 1.7099156
44200 12.821556
44300 12.532054
44400 12.04384
44500 10.166801
44600 10.783895
44700 5.469245
44800 8.880776
44900 8.022792
45000 16.13813
45100 9.989475
45200 9.848085
45300 7.941219
45400 6.386475
45500 5.7555494
45600 6.7077866
45700 10.07693
45800 0.060724758
45900 2.5614128
46000 9.449481
46100 12.596354
46200 3.2311728
46300 1.7035093
46400 2.7245617
46500 9.567017
46600 1.4948366
46700 5.5273256
46800 4.9566145
46900 4.8527946
47000 10.056673
47100 9.401604
47200 6.0194874
47300 13.493052
47400 3.8147101
47500 0
47600 16.375423
47700 15.020838
47800 14.891565
47900 1.9692367
48000 1.8755249
48100 18.526533
48200 7.3587184
48300 7.940297
48400 12.010849
48500 12.471818
48600 3.096894
48700 5.9424477
48800 8.193043
48900 9.53784
49000 15.696282
49100 5.769208
49200 0.9810065
49300 13.975465
49400 7.731418
49500 16.970081
49600 10.073775
49700 8.444498
49800 3.5151439
49900 2.747116
50000 5.8254514
50100 7.4124947
50200 18.519806
50300 9.465561
50400 0.09155287
50500 10.651073
50600 7.8234024
50700 6.1943197
50800 13.244267
50900 10.6355505
51000 5.9907665
51100 6.714237
51200 4.2611046
51300 4.0301533
51400 21.453243
51500 1.340584
51600 9.304937
51700 1.2725646
51800 8.140553
51900 17.512388
52000 21.273615
52100 5.004405
52200 2.1608472
52300 13.944152
52400 5.1926003
52500 10.109293
52600 7.0695353
52700 6.7191095
52800 21.205412
52900 9.582905
53000 10.059265
53100 2.032741
53200 7.521524
53300 8.2045355
53400 5.766992
53500 4.148574
53600 22.344227
53700 12.0926285
53800 8.926223
53900 5.16481
54000 2.2023044
54100 15.084477
54200 3.5154643
54300 9.910428
54400 5.509218
54500 6.5308537
54600 11.871324
54700 14.24963
54800 8.750594
54900 17.23403
55000 0.0029712766
55100 0.015306296
55200 5.7246776
55300 13.626848
55400 10.846962
55500 3.3590407
55600 2.8291268
55700 11.857764
55800 20.01378
55900 4.339204
56000 0.34772184
56100 4.3136845
56200 12.148575
56300 8.550874
56400 3.183186
56500 4.4493804
56600 0.91390723
56700 4.673025
56800 4.858446
56900 4.9275455
57000 12.073679
57100 8.116906
57200 16.084848
57300 5.23425
57400 3.051455
57500 2.996537
57600 4.071968
57700 9.8161745
57800 4.737274
57900 10.0821295
58000 6.6195855
58100 9.792199
58200 5.944061
58300 6.435759
58400 3.4902194
58500 14.941159
58600 7.0140767
58700 6.515713
58800 12.551839
58900 9.705496
59000 6.515906
59100 14.1596985
59200 6.4217315
59300 5.0389757
59400 6.37169
59500 6.389385
59600 6.4892454
59700 6.4398174
59800 17.976437
59900 3.9209218
60000 15.08198
60100 9.788669
60200 5.529391
60300 4.503827
60400 8.129312
60500 7.484568
60600 8.282488
60700 2.791961
60800 6.8130693
60900 7.723075
61000 3.1190207
61100 12.126717
61200 5.569566
61300 11.468355
61400 5.6485367
61500 11.230613
61600 7.9261723
61700 4.529826
61800 4.8905673
61900 6.787462
62000 21.814697
62100 8.467345
62200 17.374397
62300 11.325736
62400 10.176611
62500 3.5367808
62600 10.353014
62700 8.456953
62800 11.22841
62900 7.29272
63000 8.656642
63100 5.27664
63200 7.8977146
